locuteur,nb_nasal,nb_oral,nasalite_ponderee,nasalite_ponderee_pourcentage
PTSVOX_SJ063_F_session1_mic_S_1-2_59.0_63.0,7,26,0.07731497382071147,2.551394136083478
PTSVOX_SJ063_F_session1_mic_S_1-0_37.7_41.7,11,29,0.06664690843752508,2.665876337501003
PTSVOX_SJ062_F_session1_mic_S_1-3_29.1_33.1,5,28,0.0625184028294459,2.0631072933717145
PTSVOX_SJ062_F_session1_mic_S_1-1_16.1_20.1,6,26,0.06094010546930825,1.950083375017864
PTSVOX_SJ061_F_session1_mic_S_1-3_53.0_57.0,3,41,0.14562919301091262,6.407684492480155
PTSVOX_SJ062_F_session1_mic_S_1-0_8.5_12.5,5,37,0.06737580617294478,2.829783859263681
PTSVOX_SJ061_F_session1_mic_S_1-0_8.8_12.8,7,32,0.0894318719793967,3.4878430071964712
PTSVOX_SJ063_F_session1_mic_S_1-1_43.4_47.4,8,42,0.06877929933565574,3.438964966782787
PTSVOX_SJ063_F_session1_mic_S_1-3_67.7_71.7,7,46,0.08744395879745359,4.63452981626504
PTSVOX_SJ062_F_session1_mic_S_1-2_22.8_26.8,4,31,0.09129987187229541,3.1954955155303395
PTSVOX_SJ061_F_session1_mic_S_1-2_40.3_44.3,4,24,0.1412517994484111,3.955050384555511
PTSVOX_SJ061_F_session1_mic_S_1-1_32.5_36.5,5,43,0.10164846661824471,4.879126397675746
